1120313136
3317451851
767605081
-2122716210
-977515445
-922075519
-1975590661
-1882923979
-2122716210
4123759323
2646045593
2961731104
3859899904
1975590661
767605081
-1949011582
-2122716210
-977515445
-922075519
-1975590661
-1882923979
-2122716210
4123759323
2646045593
2961731104
3859899904
1975590661
-1212832151
1317868303
-1252906024
-1890951223
1428412924
699592812
1922258436
1101235920
121406262
-1256990787
2965958374
-1054826273
1620254541
1401831542
2099816323
-1491386500
-977515445
-435067392
1347850743
-1729804184
1881968783
-1559754940
767605081
-442306200
733106126
-966559987
1841943281
-2033338628
-1243454584
1352706024
-1990292823
-1246838892
830707189
1119498954
-891346918
-920663435
-1924332863
-1549630786
1998625272
1977655521
620255745
2017765964
1974064500
1070934291
-345371965
-2042143896
495824472
1159655011
-2017629233
-1648921703
-1333236192
-1949011582
-720040631
-2147483647
-72614
63007
59027
-12012
-26996
33399
-1949011582
1244135940
931185764
880269514
-184087091
1120313136
-438498801
-2135614041
-2042143896
2017765964
1881968783
620255745
-1054826273
-190197401
37950012
1949047749
189426737
440451836
-1551731308
1027640676
-1858793976
1466961423
1919572202
1401831542
-1999145131
402719724
1525180252
-1756175141
1715510245
-801305185
1097312011
1717331426
1073357477
468940571
495824472
-2033338628
-962064463
931219308
-1730227041
501406112
-1042174840
314706334
1977655521
-2122716210
-1333236192
-620075057
-1542610935
1967155575
74423716
-961190199
-505351260
1217352219
877700249
639032041
-1243454584
-116602735
2058632186
891272013
393068387
1140870402
1101235920
-442306200
-345371965
-1379398115
575518757
889825697
764638896
1260307946
1430093873
550741583
858406863
1870047677
-1249091994
-49604647
-338445752
1302185744
-1975590661
1066968010
735307666
-763931968
1998625272
1723477505
206176460
-72590627
1045342179
-374910571
1000351374
2055893718
-599891884
-591321928
-720040631
1115000764
543040796
-1561698044
-1203311834
-1662268941
475909762
193916381
1983321563
1503747188
356132005
-1676842684
-529143813
1176365945
-10574121
306215142
-1740278601
-1676913872
-982430780
-660394610
1511186999
571133028
-1864549087
-922075519
-1437574346
-228458318
2131576964
177832320
1400694109
1166120552
145559396
-2080461139
1070934291
-1491386500
489321898
-1633299070
-638863591
405611573
-547753294
40168385
-1678014630
416104391
710791216
-253630609
-730739328
-1657159979
1570956502
-1705723814
-1595515659
261991583
-775470665
-1698341613
714506292
1376408207
2142017165
-1336925360
126014646
-1290202385
-402069102
2053227459
-1372360252
1006436615
547957431
809657238
-415666077
1188873208
-1549630786
1060402116
-504482199
89278042
1118933262
-1990292823
1352706024
348119077
1240791382
-948169674
2133081418
-262341369
1000457834
-375398087
-1329008922
1841943281
-852503405
925173178
-1989372325
1303708261
-1911813629
2098987581
-865197423
-1825953974
-921073084
156856405
-2060629306
262768112
421494533
1755988437
-1493184845
-1657017550
-577286683
465570678
-1632172694
1972484238
14345383
743968101
599029146
962465625
960916034
-1459006650
778805747
-1580390976
823645419
-2065346036
1213808185
67004146
582648726
-1031098030
-1295633605
614999494
-791577348
1294893057
-171207973
-568266702
1212829040
1345577858
767605081
-977515445
-365271546
-455354067
-1174459121
1096684293
-1497250740
-911939009
1347850743
-920663435
-1057419833
-1596113101
-1759105725
-1336932351
-1648921703
-1437387234
2062282408
1692477431
1553508941
699592812
1417613287
-2029779863
1596100569
392501634
-909357184
-1442614028
171064260
-152440739
-1353116588
835608275
1307476082
-345908092
1365604007
1280085963
-612371672
-1488631377
-1720012585
-2042475657
-240257097
1240585650
1192658057
243540311
1191422458
-627821011
1129105265
1767220965
1664114676
-1032273438
1665678974
-1544167759
-87967637
-891346918
-1729804184
-1882923979
793694002
-158787995
1620254541
1428412924
-1713165973
-1212832151
87315576
635120817
275957394
-707133706
1623717033
420011712
-738295409
1665839162
-131274930
150294028
992970225
-551637263
603010792
-813003734
584503478
-355297939
-1789621123
-338399516
1317868303
1119498954
-1162153263
1974064500
1699621593
1300962917
1410801811
-647202696
-966559987
1509139352
1437305856
-1564435822
765000166
2099816323
1310197925
-542139175
511933636
127054992
741525574
473998728
1642731136
2026253606
-1245024507
1394622857
814210644
356369059
-1185075112
1996378932
-743046526
-1014199946
474621183
1901047756
1644907640
-1840682990
1843603007
483883516
-1191687050
733106126
417206566
-962439346
-545396442
53977718
830707189
1198154717
-1890951223
-1252906024
-1559754940
665709549
1922258436
-435067392
324865135
331283186
-363435150
1325156823
1483710319
-496432604
-727492889
194342417
-1406618481
-1879618040
-1080429176
-416183945
-1455659794
495824472
501406112
992970225
1841943281
150294028
2383153667
150294028
699592812
1120313136
1996378932
2261628668
2564740255
2538792155
1922258436
2965958374
2999333691
3007250496
2958034945
3252792456
3263869266
3551920770
3717680613
3743330033
3929695750
2961731104
2646045593
3556671887
4123759323
495824472
501406112
992970225
1841943281
150294028
2383153667
150294028
699592812
1120313136
1996378932
2261628668
2564740255
2538792155
1922258436
2965958374
2999333691
3007250496
2958034945
3252792456
3263869266
3551920770
3717680613
3743330033
3929695750
495824472
495824472
501406112
501406112
992970225
992970225
1841943281
1841943281
150294028
150294028
2383153667
-1911813629
699592812
699592812
1120313136
1120313136
1996378932
1996378932
2261628668
-2033338628
2564740255
-1730227041
2538792155
-1756175141
1922258436
1922258436
2965958374
-1329008922
2999333691
-1295633605
3007250496
-1287716800
2958034945
-1336932351
3252792456
-1042174840
3263869266
-1031098030
3551920770
-743046526
3717680613
-577286683
3743330033
-551637263
3929695750
-365271546
-720040631
-2147483647
523402757
-1279955769
162639435
1331862851
2086111581
860051171
-2069242129
-1125804155
-1495195128
94936514
-751761218
761687265
2136412382
1456429682
1503592133
-487923362