2366665730
860508675
1215999497
2335983627
2492708877
3322377230
3193891350
3141985303
247526935
580369945
3978713628
703231006
696788003
2645680163
3352699429
1315288101
4021290536
4196276776
834974250
283556395
1694090795
2112683568
2012362801
1351683121
3276730932
4052644405
1362433589
3513717816
733837882
4185880635
759617595
231258687
384708672
371102273
2698550338
1749732930
2249208895
776198721
2871488073
1602080333
2681951826
2294798931
4218476627
3323278933
3017917522
1019656791
3634075224
1205768792
2816286296
1004815965
3885209186
1363085923
2805810788
2556346983
1447477866
2418909806
1842849902
3939025520
1277460590
3509242479
2043113590
3159677559
2824322168
119648377
2640679034
3362234491
4100968569
3336103030
382112385
3323197061
3610841222
3724612230
2613461129
2271594122
3840197261
169463950
284438159
663170192
2433783441
3654528146
1346235024
296639639
1675665560
3271853210
222992026
1623028892
277524638
484812453
1062111910
1025884839
2313935527
2183159977
1801039530
2172153001
880736428
899381934
663517359
2150886575
634039983
3061846192
2474561719
2425761975
1709866683
1168357051
146278587
3604658878
1303784126
3122911422
1328622785
4012669121
927578299
3439143621
1475288264
654802123
3968886988
3615105746
3779763923
3113485012
2227745491
3603274966
4164277972
4169150169
1857603803
2466172125
3641720545
3917905123
3650233061
21392614
867832552
400507625
2146055916
3410538224
3532609777
1929467122
1198478068
2850671348
1005144310
2466764538
889808635
974903034
2535257853
2436343040
3350057221
3370020614
3621517063
2248057097
4075474698
1235472140
3377353998
4203716879
3009973007
2089537806
1130501904
1108334355
3719772431
1141059345
471997210
1704640795
1824470811
1283078430
15712037
3239176998
3914869031
1591132456
2637152041
1329061674
1134861606
2608252716
3598405421
3726614828
2008591151
1967214384
3112393518
1319990579
4081463091
3127044405
1528590652
3689981245
4162006335
1322387263
3449028929
3328927042
3627761985
77277509
1657753414
2182449991
4133787461
3791631178
2241090895
202788691
626875735
2845636954
1140676955
3051509595
3859329886
844049759
190476639
1423184737
2499030370
4007263587
391640422
3842157419
2396306288
4275109233
3328527730
2260565874
3465283442
2890063729
930927479
2395064697
3870121849
2053798779
48731514
3106695545
1227564412
3315675008
3334989185
1060929921
2193687427
4097109892
2062808965
1525977990
941317513
2774849419
568543123
1803744149
643254679
2481569177
2971750299
752418717
1125642654
1764221345
3879097257
2205435306
3872379306
2366834608
1319465907
2855028148
2063610803
1530822070
3274096058
2201368575
2860680127
2498239431
1005743559
2497785294
3725708239
614078421
1574296533
25766362
2732039643
2076495324
3527687644
1748450780
2539772380
1038927834
1077065191
59044840
2680042476
1006677997
3315797997
4205311469
3800804335
3416146413
1246324211
2676628469
1509923832
2242268665
1198425599
