3966931456
996213771
1624199183
1980349969
3330502162
2847614993
1377355801
1178671645
2826785822
1308243489
11918884
3999758885
3412267557
1996130345
3303610433
398658626
3820854852
937772107
3842785869
643374672
3320426066
1597093459
2072122460
438243936
3646023783
593945703
3298267239
899228776
2491819116
1222307441
4066925682
3916506229
3141791350
4095795318
3750812792
2893163128
3783533691
8741501
3447155842
2250671235
4074914441
457967755
1809261196
24902297
3800418970
1550611612
792221348
616006309
2220186280
2839309484
2434475183
3036451504
1931539634
1249283253
2881858759
2366463693
3969903833
3720197850
3080918746
2525897947
259780317
3032680157
3198471901
1142457062
329939175
2797881576
423313640
3891161322
1815270123
4072589040
886015732
2321624822
2312089847
2733014785
4164123906
1080719624
520557834
2441508106
1301287696
617753366
1272803094
730876697
925911836
691432737
1224100642
3753350949
3197423398
288456487
740920107
3004802348
3309920045
3548192559
3557537083
1796459838
4268133183
3663056191
940943685
109848390
987648331
3607349581
2467084625
1219453777
2626704212
4234628436
3639579478
4084561241
552442715
2559813981
4026522462
1739501925
3317620069
572063080
3104173419
276639596
42685294
3839888240
628662130
1135718771
2308747125
1420313469
1125852043
2648428428
966612367
368550800
2781053842
1401650071
3447384986
387223451
583159708
2088750491
3225415071
2425682848
1769871776
4202375078
628697006
1263226800
3482022833
3115408816
2923451831
176157112
3437259709
3693681093
36929477
1170588613
4012490698
2318995410
2612118995
3710005734
3863286761
807875052
172765678
2866892280
1253942266
235171324
1122574335
